originX: 82
originY: 322
csize: 0.025
minX: -2.05237
minY: -4.47828
maxX: 14.5177
maxY: 8.09212
margin: 50
